<!DOCTYPE html>
<html>
<head>
    <link href="https://www.bseindia.com/include/css/bootstrap.css" type="text/css" rel="stylesheet" />
    <link href="https://www.bseindia.com/include/css/style.css" type="text/css" rel="stylesheet" />
    <link href="https://www.bseindia.com/include/css/font-awesome.css" type="text/css" rel="stylesheet" />
</head>
<body>
    <br /><br />

    <div class="wrap">

        <div class="container">
            <div class="row">
                <div class="col-lg-12 text-center"><img src="https://www.bseindia.com/include/images/bselogo.png" class="bselogomob" alt="BSEINDIA" title="BSEINDIA" border="0" /></div>
            </div>

            <div class="row">
                <div class="col-lg-12 text-center"><h2 style="color: #ee7939">The Page you are looking for has been moved</h2></div>
            </div>
            <div class="row">
                <div class="col-lg-12 text-center"><img src="https://www.bseindia.com/include/images/errorimage.png" alt="BSEINDIA" title="BSEINDIA" border="0" /></div>
            </div>
            <div class="container whitebox">

                <div class=row align="center">
                    <h4 style="color: #000000">
                        Your Support Ticket ID is<span style=" color: #ee7939"> 95970190253843244896154101038271897268.</span><br> Can Write Email to us  bse.itsecurity@bseindia.com with Ticket ID
                    </h4>
                </div>



                <div class="row"><div class="col-lg-12 text-center"><h3 style="color: #0089d0">Here are some helpful links instead</h3></div></div>

                <div class="row">



                    <div class="col-lg-3">


                        <ul style="list-style-type:none;">
                            <li><a href="/markets/Equity/newsensexstream.aspx">Pre Open</a></li>
                            <li><a href="/eqstreamer/StreamerMarketwatch.html?flag=1">Equity Market Watch</a></li>
                            <li><a href="/eqstreamer/StreamerMarketwatch.html?flag=1">Derivatives Market Watch</a></li>
                            <li><a href="/eqstreamer/StreamerMarketwatch.html?flag=1">Currency Market Watch</a></li>
                            <li><a href="/Sensex/IndexHighlight.html">Indices Watch</a></li>
                            <li><a href="/markets/equity/EQReports/mktwatchR.html?filter=gainer*all$all$">Gainers</a> / <a href="/markets/equity/EQReports/mktwatchR.html?filter=loser*all$all$">Losers</a></li>
                            <li><a href="/markets/equity/EQReports/CircuitFillter.html">Circuit Filters</a></li>
                        </ul>



                    </div>
                    <div class="col-lg-3">


                        <ul style="list-style-type:none;">
                            <li><a href="/sensex/code/16/">SENSEX View</a></li>
                            <li><a href="/markets/equity/EQReports/HighLow.html?Flag=H">52 Weeks High / Low</a></li>
                            <li><a href="/markets/equity/EQReports/TradeSummary.html">Trading Summary</a></li>
                            <li><a href="/corporates/ann.html">Corporate Announcements</a></li>
                            <li><a href="/corporates/ann.html?anntype=D">Debt Announcements</a></li>
                            <li><a href="/markets/equity/EQReports/tradhigh.html">Trading Highlights</a></li>

                        </ul>



                    </div>
                    <div class="col-lg-3">


                        <ul style="list-style-type:none;">
                            <li><a href="/markets/MarketInfo/BhavCopy.aspx">Daily Bhav Copy</a></li>
                            <li><a href="/markets/MarketInfo/NoticesCirculars.aspx?id=0&txtscripcd=&pagecont=&subject=">Notices</a></li>
                            <li><a href="/markets/MarketInfo/NoticesCirculars.aspx?id=6&pagecont=">Index Notices</a></li>
                            <li><a href="/market_data.html">Historical Data</a></li>
                            <li><a href="/markets/Equity/EQReports/industrywatchList.html">Industry Watch</a></li>
                            <li><a href="/static/markets/marketinfo/listholi.aspx">Trading Holidays</a></li>
                            <li><a href="/getquote.aspx">Get Quote</a></li>

                        </ul>


                    </div>

                </div>
            </div>

            <div class="container whitebox">
                <div class="row">

                    <div class="col-lg-12">
                        <b>Kindly update your link and/or bookmark to the new as mentioned above.</b>


                        <b>Cool Tips</b>

                        We recommend that you refresh the page after 1 minute and try again.
                        Its always advisable to clear your browser cache memory before trying again. The error pages have a habit of staying back in your browser.



                        <b>Contact Us</b>
                        If nothing works please mail us URL or access path of the page you are looking for to <a href="mailto:info@bseindia.com">info@bseindia.com</a>. please mention the error ref no. as given above in your mail to us.
                        we will endeavour to resolve your issue at the earliest.

                    </div>

                </div>

            </div>
        </div>
    </div>



</body>
</html>
